
6.013441
5.719786
5.328530
4.773819
4.192483
3.569557
2.807427
2.026912
1.267150
0.413629
-0.447237
-1.228168
-2.043140
-2.853299
-3.536509
-4.188860
-4.824972
-5.306449
-5.696864
-6.062086
-6.268529
-6.337571
-6.376303
-6.276283
-6.013441
-5.719786
-5.328530
-4.773819
-4.192483
-3.569557
-2.807427
-2.026912
-1.267150
-0.413629
0.447237
1.228168
2.043140
2.853299
3.536509
4.188860
4.824972
5.306449
5.696864
6.062086
6.268529
6.337571
6.376303
6.276283
6.013441
5.719786
5.328530
4.773819
4.192483
3.569557
2.807427
2.026912
1.267150
0.413629
-0.447237
-1.228168
-2.043140
-2.853299
-3.536509
-4.188860
-4.824972
-5.306449
-5.696864
-6.062086
-6.268529
-6.337571
-6.376303
-6.276283
-6.013441
-5.719786
-5.328530
-4.773819
-4.192483
-3.569557
-2.807427
-2.026912
-1.267150
-0.413629
0.447237
1.228168
2.043140
2.853299
3.536509
4.188860
4.824972
5.306449
5.696864
6.062086
6.268529
6.337571
6.376303
6.276283
6.013441
5.719786
5.328530
4.773819
4.192483
3.569557
2.807427
2.026912
1.267150
0.413629
-0.447237
-1.228168
-2.043140
-2.853299
-3.536509
-4.188860
-4.824972
-5.306449
-5.696864
-6.062086
-6.268529
-6.337571
-6.376303
-6.276283
-6.013441
-5.719786
-5.328530
-4.773819
-4.192483
-3.569557
-2.807427
-2.026912
-1.267150
-0.413629
0.447237
1.228168
2.043140
2.853299
3.536509
4.188860
4.824972
5.306449
5.696864
6.062086
6.268529
6.337571
6.376303
6.276283
6.013441
5.719786
5.328530
4.773819
4.192483
3.569557
2.807427
2.026912
1.267150
0.413629
-0.447237
-1.228168
-2.043140
-2.853299
-3.536509
-4.188860
-4.824972
-5.306449
-5.696864
-6.062086
-6.268529
-6.337571
-6.376303
-6.276283
-6.013441
-5.719786
-5.328530
-4.773819
-4.192483
-3.569557
-2.807427
-2.026912
-1.267150
-0.413629
0.447237
1.228168
2.043140
2.853299
3.536509
4.188860
4.824972
5.306449
5.696864
6.062086
6.268529
6.337571
6.376303
6.276283
6.013441
5.719786
5.328530
4.773819
4.192483
3.569557
2.807427
2.026912
1.267150
0.413629
-0.447237
-1.228168
-2.043140
-2.853299
-3.536509
-4.188860
-4.824972
-5.306449
-5.696864
-6.062086
-6.268529
-6.337571
-6.376303
-6.276283
-6.013441
-5.719786
-5.328530
-4.773819
-4.192483
-3.569557
-2.807427
-2.026912
-1.267150
-0.413629
0.447237
1.228168
2.043140
2.853299
3.536509
4.188860
4.824972
5.306449
5.696864
6.062086
6.268529
6.337571
6.376303
6.276283
6.013441
5.719786
5.328530
4.773819
4.192483
3.569557
2.807427
2.026912
1.267150
0.413629
-0.447237
-1.228168
-2.043140
-2.853299
-3.536509
-4.188860
-4.824972
-5.306449
-5.696864
-6.062086
-6.268529
-6.337571
-6.376303
-6.276283
-6.013441
-5.719786
-5.328530
-4.773819
-4.192483
-3.569557
-2.807427
-2.026912
-1.267150
-0.413629
0.447237
1.228168
2.043140
2.853299
3.536509
4.188860
4.824972
5.306449
5.696864
6.062086
6.268529
6.337571
6.376303
6.276283
6.013441
5.719786
5.328530